#iter energy            energy_diff  abs_dens     rel_dens     abs_ev       rel_ev      
    1   -1.03538647E+02  3.80066E+00  5.52545E+00  3.06970E-01  2.85519E+00  1.06723E+00
    2   -1.03052258E+02  4.86389E-01  1.75707E+00  9.76148E-02  4.92835E-02  1.84339E-02
    3   -1.06995671E+02 -3.94341E+00  1.77194E+00  9.84412E-02  2.58557E-02  9.67446E-03
    4   -1.08802714E+02 -1.80704E+00  6.84380E-01  3.80211E-02  2.60501E-01  9.78224E-02
    5   -1.06572615E+02  2.23010E+00  1.09366E+00  6.07589E-02  1.70644E+00  6.56252E-01
    6   -1.05559179E+02  1.01344E+00  2.89273E-01  1.60707E-02  6.54882E-01  2.54203E-01
    7   -1.09728305E+02 -4.16913E+00  1.43855E+00  7.99192E-02  9.29115E-01  3.65494E-01
    8   -1.06827247E+02  2.90106E+00  8.37569E-01  4.65316E-02  9.12921E-01  3.63927E-01
    9   -1.06110400E+02  7.16847E-01  3.44827E-01  1.91571E-02  3.64514E-01  1.46090E-01
   10   -1.04821062E+02  1.28934E+00  3.32348E-01  1.84638E-02  1.18214E-01  4.74606E-02
   11   -1.03460358E+02  1.36070E+00  4.49054E-01  2.49474E-02  1.20431E-01  4.84367E-02
   12   -1.03111030E+02  3.49328E-01  5.89094E-02  3.27275E-03  1.03400E-01  4.16504E-02
   13   -1.03428196E+02 -3.17166E-01  6.02780E-02  3.34878E-03  8.07425E-02  3.24850E-02
   14   -1.03688539E+02 -2.60342E-01  7.58271E-02  4.21262E-03  1.80770E-02  7.27095E-03
   15   -1.03093647E+02  5.94892E-01  1.20297E-01  6.68315E-03  1.07607E-01  4.33509E-02
   16   -1.03300286E+02 -2.06639E-01  3.87999E-02  2.15555E-03  6.07976E-02  2.44710E-02
   17   -1.03312302E+02 -1.20158E-02  6.16699E-03  3.42610E-04  1.58715E-03  6.38812E-04
   18   -1.03352185E+02 -3.98834E-02  8.89819E-03  4.94344E-04  1.61201E-02  6.48663E-03
   19   -1.03444687E+02 -9.25021E-02  1.84424E-02  1.02458E-03  2.87096E-02  1.15477E-02
   20   -1.03477211E+02 -3.25239E-02  1.32943E-02  7.38570E-04  1.11522E-02  4.48493E-03
   21   -1.03359123E+02  1.18088E-01  2.38136E-02  1.32298E-03  3.55551E-02  1.43063E-02
   22   -1.03410163E+02 -5.10399E-02  9.07692E-03  5.04273E-04  1.56517E-02  6.29630E-03
   23   -1.03434598E+02 -2.44355E-02  7.96861E-03  4.42700E-04  1.15591E-02  4.64915E-03
   24   -1.03446449E+02 -1.18508E-02  9.14285E-03  5.07936E-04  1.35828E-03  5.46297E-04
   25   -1.03473844E+02 -2.73947E-02  9.12142E-03  5.06745E-04  4.97633E-03  2.00133E-03
   26   -1.03455166E+02  1.86777E-02  3.67450E-03  2.04139E-04  1.58151E-02  6.36183E-03
   27   -1.03429292E+02  2.58744E-02  6.39626E-03  3.55348E-04  7.31808E-03  2.94412E-03
   28   -1.03429710E+02 -4.18289E-04  2.02217E-03  1.12343E-04  1.69540E-03  6.82087E-04
   29   -1.03431735E+02 -2.02506E-03  1.75061E-03  9.72561E-05  1.57735E-03  6.34581E-04
   30   -1.03427204E+02  4.53056E-03  1.02116E-03  5.67313E-05  1.37818E-03  5.54462E-04
   31   -1.03427737E+02 -5.32783E-04  1.33438E-04  7.41324E-06  3.15616E-04  1.26977E-04
   32   -1.03432826E+02 -5.08903E-03  1.47184E-03  8.17690E-05  4.56839E-04  1.83792E-04
   33   -1.03427323E+02  5.50281E-03  1.52588E-03  8.47711E-05  8.38428E-04  3.37313E-04
   34   -1.03428671E+02 -1.34753E-03  2.89245E-04  1.60691E-05  4.17966E-04  1.68153E-04
   35   -1.03429016E+02 -3.45027E-04  1.58770E-04  8.82056E-06  1.79579E-04  7.22470E-05
   36   -1.03428743E+02  2.72706E-04  1.22958E-04  6.83097E-06  8.45798E-05  3.40275E-05
   37   -1.03428595E+02  1.47982E-04  4.56531E-05  2.53628E-06  5.24369E-05  2.10960E-05
   38   -1.03428734E+02 -1.38986E-04  5.85804E-05  3.25447E-06  5.75401E-05  2.31491E-05
   39   -1.03428728E+02  6.32759E-06  2.11691E-05  1.17606E-06  4.23713E-06  1.70465E-06
   40   -1.03428717E+02  1.06995E-05  5.74423E-05  3.19124E-06  8.63354E-06  3.47338E-06
   41   -1.03428660E+02  5.73055E-05  4.95463E-05  2.75257E-06  6.72231E-05  2.70447E-05
   42   -1.03428688E+02 -2.77334E-05  2.35219E-05  1.30677E-06  3.06556E-06  1.23331E-06
   43   -1.03428643E+02  4.46141E-05  9.36915E-06  5.20508E-07  3.97217E-05  1.59806E-05
   44   -1.03428644E+02 -1.19747E-06  2.09084E-05  1.16158E-06  1.40189E-05  5.63998E-06
   45   -1.03428611E+02  3.30080E-05  2.72004E-05  1.51113E-06  5.49960E-05  2.21256E-05
   46   -1.03428654E+02 -4.23908E-05  1.34846E-05  7.49145E-07  2.25540E-05  9.07379E-06
   47   -1.03428672E+02 -1.83755E-05  1.04708E-05  5.81712E-07  2.89255E-05  1.16371E-05
   48   -1.03428682E+02 -1.00379E-05  8.61588E-06  4.78660E-07  1.24307E-05  5.00104E-06
   49   -1.03428671E+02  1.08719E-05  3.76766E-06  2.09314E-07  1.08065E-05  4.34760E-06
   50   -1.03428666E+02  5.30302E-06  9.72952E-06  5.40529E-07  5.06902E-06  2.03933E-06
   51   -1.03428660E+02  5.44317E-06  1.28197E-05  7.12205E-07  7.69001E-06  3.09379E-06
   52   -1.03428640E+02  2.01976E-05  1.13321E-05  6.29560E-07  1.57376E-05  6.33146E-06
   53   -1.03428620E+02  2.05233E-05  1.92497E-05  1.06943E-06  1.71924E-05  6.91674E-06
   54   -1.03428625E+02 -4.92078E-06  1.88021E-06  1.04456E-07  5.80845E-06  2.33682E-06
   55   -1.03428630E+02 -5.56381E-06  8.08141E-06  4.48967E-07  6.40146E-06  2.57539E-06
   56   -1.03428632E+02 -1.75924E-06  1.21525E-06  6.75138E-08  3.21615E-06  1.29390E-06
   57   -1.03428636E+02 -3.71645E-06  1.52776E-06  8.48758E-08  4.38995E-06  1.76614E-06
