 # Total force (x,y,z) Ion-Ion (x,y,z) VdW (x,y,z) Local (x,y,z) NL (x,y,z) Fields (x,y,z) Hubbard(x,y,z) SCF(x,y,z) NLCC(x,y,z)
   1        Na   0.263982E-14  -0.240635E-13  -0.155150E+00   0.000000E+00   0.000000E+00  -0.273750E+01   0.000000E+00   0.000000E+00   0.000000E+00   0.817365E-14   0.590685E-14   0.258236E+01   0.000000E+00   0.000000E+00   0.000000E+00   0.000000E+00   0.000000E+00   0.000000E+00   0.000000E+00   0.000000E+00   0.000000E+00  -0.553383E-14  -0.299704E-13  -0.111044E-04   0.000000E+00   0.000000E+00   0.000000E+00
   2        Na   0.536556E-14   0.210142E-13  -0.152803E+00   0.000000E+00   0.000000E+00  -0.100746E+01   0.000000E+00   0.000000E+00   0.000000E+00   0.104169E-13   0.910248E-14   0.854657E+00   0.000000E+00   0.000000E+00   0.000000E+00   0.000000E+00   0.000000E+00   0.000000E+00   0.000000E+00   0.000000E+00   0.000000E+00  -0.505138E-14   0.119117E-13  -0.217025E-05   0.000000E+00   0.000000E+00   0.000000E+00
   3        Na   0.416435E-13  -0.343673E-13   0.935652E-01   0.000000E+00   0.000000E+00  -0.569704E+00   0.000000E+00   0.000000E+00   0.000000E+00   0.126179E-13   0.112635E-13   0.663269E+00   0.000000E+00   0.000000E+00   0.000000E+00   0.000000E+00   0.000000E+00   0.000000E+00   0.000000E+00   0.000000E+00   0.000000E+00   0.290256E-13  -0.456308E-13   0.588032E-07   0.000000E+00   0.000000E+00   0.000000E+00
   4        Na   0.423045E-13   0.903838E-14  -0.681440E-01   0.000000E+00   0.000000E+00  -0.370477E+00   0.000000E+00   0.000000E+00   0.000000E+00   0.130506E-13   0.101136E-13   0.302324E+00   0.000000E+00   0.000000E+00   0.000000E+00   0.000000E+00   0.000000E+00   0.000000E+00   0.000000E+00   0.000000E+00   0.000000E+00   0.292539E-13  -0.107523E-14   0.907241E-05   0.000000E+00   0.000000E+00   0.000000E+00
   5        Na  -0.636995E-13  -0.325459E-13   0.524101E-01   0.000000E+00   0.000000E+00  -0.253926E+00   0.000000E+00   0.000000E+00   0.000000E+00   0.139441E-13   0.113387E-13   0.306340E+00   0.000000E+00   0.000000E+00   0.000000E+00   0.000000E+00   0.000000E+00   0.000000E+00   0.000000E+00   0.000000E+00   0.000000E+00  -0.776436E-13  -0.438846E-13  -0.374458E-05   0.000000E+00   0.000000E+00   0.000000E+00
   6        Na  -0.678234E-15   0.727470E-13  -0.439704E-01   0.000000E+00   0.000000E+00  -0.174762E+00   0.000000E+00   0.000000E+00   0.000000E+00   0.170057E-13   0.918007E-14   0.130794E+00   0.000000E+00   0.000000E+00   0.000000E+00   0.000000E+00   0.000000E+00   0.000000E+00   0.000000E+00   0.000000E+00   0.000000E+00  -0.176839E-13   0.635670E-13  -0.286681E-05   0.000000E+00   0.000000E+00   0.000000E+00
   7        Na   0.302511E-13  -0.104501E-13   0.397818E-01   0.000000E+00   0.000000E+00  -0.114898E+00   0.000000E+00   0.000000E+00   0.000000E+00   0.137537E-13   0.625016E-14   0.154679E+00   0.000000E+00   0.000000E+00   0.000000E+00   0.000000E+00   0.000000E+00   0.000000E+00   0.000000E+00   0.000000E+00   0.000000E+00   0.164974E-13  -0.167003E-13   0.697425E-06   0.000000E+00   0.000000E+00   0.000000E+00
   8        Na   0.486590E-13  -0.282654E-15  -0.374855E-01   0.000000E+00   0.000000E+00  -0.654643E-01   0.000000E+00   0.000000E+00   0.000000E+00   0.113387E-13   0.662640E-14   0.279781E-01   0.000000E+00   0.000000E+00   0.000000E+00   0.000000E+00   0.000000E+00   0.000000E+00   0.000000E+00   0.000000E+00   0.000000E+00   0.373203E-13  -0.690905E-14   0.639097E-06   0.000000E+00   0.000000E+00   0.000000E+00
   9        Na   0.316999E-13   0.233954E-13   0.351882E-01   0.000000E+00   0.000000E+00  -0.212849E-01   0.000000E+00   0.000000E+00   0.000000E+00   0.127073E-13   0.992313E-14   0.564732E-01   0.000000E+00   0.000000E+00   0.000000E+00   0.000000E+00   0.000000E+00   0.000000E+00   0.000000E+00   0.000000E+00   0.000000E+00   0.189927E-13   0.134723E-13  -0.845743E-07   0.000000E+00   0.000000E+00   0.000000E+00
  10        Na  -0.226588E-13   0.411436E-16  -0.351871E-01   0.000000E+00   0.000000E+00   0.212849E-01   0.000000E+00   0.000000E+00   0.000000E+00   0.125097E-13   0.145555E-13  -0.564741E-01   0.000000E+00   0.000000E+00   0.000000E+00   0.000000E+00   0.000000E+00   0.000000E+00   0.000000E+00   0.000000E+00   0.000000E+00  -0.351685E-13  -0.145144E-13   0.214144E-05   0.000000E+00   0.000000E+00   0.000000E+00
  11        Na  -0.235139E-13   0.494407E-13   0.374863E-01   0.000000E+00   0.000000E+00   0.654643E-01   0.000000E+00   0.000000E+00   0.000000E+00   0.122652E-13   0.962215E-14  -0.279790E-01   0.000000E+00   0.000000E+00   0.000000E+00   0.000000E+00   0.000000E+00   0.000000E+00   0.000000E+00   0.000000E+00   0.000000E+00  -0.357790E-13   0.398186E-13   0.101692E-05   0.000000E+00   0.000000E+00   0.000000E+00
  12        Na   0.129636E-13   0.437250E-14  -0.397827E-01   0.000000E+00   0.000000E+00   0.114898E+00   0.000000E+00   0.000000E+00   0.000000E+00   0.825360E-14   0.102523E-13  -0.154680E+00   0.000000E+00   0.000000E+00   0.000000E+00   0.000000E+00   0.000000E+00   0.000000E+00   0.000000E+00   0.000000E+00   0.000000E+00   0.471002E-14  -0.587983E-14  -0.664368E-06   0.000000E+00   0.000000E+00   0.000000E+00
  13        Na   0.304436E-13   0.186216E-13   0.439662E-01   0.000000E+00   0.000000E+00   0.174762E+00   0.000000E+00   0.000000E+00   0.000000E+00   0.121382E-13   0.861573E-14  -0.130795E+00   0.000000E+00   0.000000E+00   0.000000E+00   0.000000E+00   0.000000E+00   0.000000E+00   0.000000E+00   0.000000E+00   0.000000E+00   0.183054E-13   0.100058E-13  -0.381553E-06   0.000000E+00   0.000000E+00   0.000000E+00
  14        Na   0.943456E-15   0.348691E-13  -0.524205E-01   0.000000E+00   0.000000E+00   0.253926E+00   0.000000E+00   0.000000E+00   0.000000E+00   0.116444E-13   0.108355E-13  -0.306341E+00   0.000000E+00   0.000000E+00   0.000000E+00   0.000000E+00   0.000000E+00   0.000000E+00   0.000000E+00   0.000000E+00   0.000000E+00  -0.107009E-13   0.240336E-13  -0.563148E-05   0.000000E+00   0.000000E+00   0.000000E+00
  15        Na   0.111171E-13  -0.404959E-13   0.681510E-01   0.000000E+00   0.000000E+00   0.370477E+00   0.000000E+00   0.000000E+00   0.000000E+00   0.894728E-14   0.108049E-13  -0.302325E+00   0.000000E+00   0.000000E+00   0.000000E+00   0.000000E+00   0.000000E+00   0.000000E+00   0.000000E+00   0.000000E+00   0.000000E+00   0.216982E-14  -0.513008E-13  -0.118098E-05   0.000000E+00   0.000000E+00   0.000000E+00
  16        Na  -0.436571E-14   0.425197E-13  -0.935628E-01   0.000000E+00   0.000000E+00   0.569704E+00   0.000000E+00   0.000000E+00   0.000000E+00   0.904839E-14   0.110377E-13  -0.663269E+00   0.000000E+00   0.000000E+00   0.000000E+00   0.000000E+00   0.000000E+00   0.000000E+00   0.000000E+00   0.000000E+00   0.000000E+00  -0.134141E-13   0.314820E-13   0.297730E-05   0.000000E+00   0.000000E+00   0.000000E+00
  17        Na  -0.110209E-13   0.658368E-15   0.152797E+00   0.000000E+00   0.000000E+00   0.100746E+01   0.000000E+00   0.000000E+00   0.000000E+00   0.109954E-13   0.109531E-13  -0.854657E+00   0.000000E+00   0.000000E+00   0.000000E+00   0.000000E+00   0.000000E+00   0.000000E+00   0.000000E+00   0.000000E+00   0.000000E+00  -0.220163E-13  -0.102947E-13  -0.279516E-05   0.000000E+00   0.000000E+00   0.000000E+00
  18        Na   0.301443E-14   0.396938E-16   0.155137E+00   0.000000E+00   0.000000E+00   0.273750E+01   0.000000E+00   0.000000E+00   0.000000E+00   0.666872E-14   0.946695E-14  -0.258236E+01   0.000000E+00   0.000000E+00   0.000000E+00   0.000000E+00   0.000000E+00   0.000000E+00   0.000000E+00   0.000000E+00   0.000000E+00  -0.365429E-14  -0.942726E-14  -0.245161E-05   0.000000E+00   0.000000E+00   0.000000E+00
