# occupations | eigenvalue[a.u.] | Im(eigenvalue) [a.u.] | k-points | k-weights | filename | ik | ist | idim
%Occupations_Eigenvalues_K-Points
 0.20000000000000E+01 | -0.15196486521370E+00 |  0.00000000000000E+00 |  0.00000000000000E+00 |  0.00000000000000E+00 |  0.00000000000000E+00 |  0.10000000000000E+01 | 0000000001 |        1 |        1 |        1
 0.20000000000000E+01 | -0.15065008909032E+00 |  0.00000000000000E+00 |  0.00000000000000E+00 |  0.00000000000000E+00 |  0.00000000000000E+00 |  0.10000000000000E+01 | 0000000002 |        1 |        2 |        1
 0.20000000000000E+01 | -0.14839703241787E+00 |  0.00000000000000E+00 |  0.00000000000000E+00 |  0.00000000000000E+00 |  0.00000000000000E+00 |  0.10000000000000E+01 | 0000000003 |        1 |        3 |        1
 0.20000000000000E+01 | -0.14521968574977E+00 |  0.00000000000000E+00 |  0.00000000000000E+00 |  0.00000000000000E+00 |  0.00000000000000E+00 |  0.10000000000000E+01 | 0000000004 |        1 |        4 |        1
 0.20000000000000E+01 | -0.14112464349357E+00 |  0.00000000000000E+00 |  0.00000000000000E+00 |  0.00000000000000E+00 |  0.00000000000000E+00 |  0.10000000000000E+01 | 0000000005 |        1 |        5 |        1
 0.20000000000000E+01 | -0.13611669538227E+00 |  0.00000000000000E+00 |  0.00000000000000E+00 |  0.00000000000000E+00 |  0.00000000000000E+00 |  0.10000000000000E+01 | 0000000006 |        1 |        6 |        1
 0.20000000000000E+01 | -0.13020393816630E+00 |  0.00000000000000E+00 |  0.00000000000000E+00 |  0.00000000000000E+00 |  0.00000000000000E+00 |  0.10000000000000E+01 | 0000000007 |        1 |        7 |        1
 0.20000000000000E+01 | -0.12339989182010E+00 |  0.00000000000000E+00 |  0.00000000000000E+00 |  0.00000000000000E+00 |  0.00000000000000E+00 |  0.10000000000000E+01 | 0000000008 |        1 |        8 |        1
 0.20000000000000E+01 | -0.11573656802406E+00 |  0.00000000000000E+00 |  0.00000000000000E+00 |  0.00000000000000E+00 |  0.00000000000000E+00 |  0.10000000000000E+01 | 0000000009 |        1 |        9 |        1
%
